
 IV Data
=========
" " 


Scan Num	Measured Voltage (V)	Reference Voltage (V)	Corrected Voltage (V)	Current (mA)	Current Error (%)	Theoretical Current (mA)
7	-52.56347	-53.54004	-52.56347	-0.002808	-0.002808	-2.499068E-03
7	-38.18359	-39.25781	-38.28125	-0.002016	0	-2.48809E-03
7	-37.74414	-38.86718	-37.89062	-0.003276	0	-2.476991E-03
7	-37.40234	-38.52539	-37.54882	-0.0036	0	-2.465768E-03
7	-37.10937	-38.13476	-37.1582	-0.00324	0	-2.454417E-03
7	-36.74316	-37.69531	-36.71875	-0.001548	0	-2.442933E-03
7	-36.27929	-37.37793	-36.40136	-0.000972	0	-2.431311E-03
7	-35.9375	-37.03613	-36.05957	-0.00432	0	-2.419548E-03
7	-35.71777	-36.59668	-35.62011	-0.002016	0	-2.407637E-03
7	-35.18066	-36.20605	-35.22949	-0.0018	0	-2.395575E-03
7	-34.76562	-35.86425	-34.88769	-0.001944	0	-2.383355E-03
7	-34.47265	-35.52246	-34.54589	-0.002052	0	-2.370972E-03
7	-34.0332	-35.10742	-34.13086	-0.003204	0	-2.358421E-03
7	-33.74023	-34.71679	-33.74023	-0.002412	0	-2.345696E-03
7	-33.34961	-34.27734	-33.30078	-0.002304	0	-2.332791E-03
7	-32.88574	-34.08203	-33.10546	-0.000972	0	-2.319698E-03
7	-32.56836	-33.54492	-32.56836	-0.002592	0	-2.306411E-03
7	-32.1289	-33.17871	-32.20214	-0.002232	0	-2.292925E-03
7	-31.81152	-32.76367	-31.78711	-0.000432	0	-2.27923E-03
7	-31.34765	-32.4707	-31.49414	-0.002232	0	-2.265321E-03
7	-31.05469	-32.00683	-31.03027	-0.001656	0	-2.251189E-03
7	-30.54199	-31.73828	-30.76172	-0.002196	0	-2.236825E-03
7	-30.27344	-31.39648	-30.41992	-0.002988	0	-2.222223E-03
7	-29.76074	-30.85937	-29.88281	-0.00108	0	-2.207372E-03
7	-29.39453	-30.51758	-29.54101	-0.000972	0	-2.192263E-03
7	-29.10156	-30.12695	-29.15039	-0.001692	0	-2.176888E-03
7	-28.66211	-29.6875	-28.71094	-0.003024	0	-2.161237E-03
7	-28.2959	-29.3457	-28.36914	-0.00144	0	-2.145298E-03
7	-27.90527	-29.0039	-28.02734	-0.000252	0	-2.129062E-03
7	-27.46582	-28.58887	-27.6123	-0.000504	0	-2.112518E-03
7	-27.19726	-28.14941	-27.17285	-0.003672	0	-2.095653E-03
7	-26.78222	-27.90527	-26.92871	-0.003168	0	-2.078457E-03
7	-26.48926	-27.46582	-26.48926	-0.000252	0	-2.060915E-03
7	-26.02539	-27.09961	-26.12304	-0.000612	0	-2.043016E-03
7	-25.63476	-26.61133	-25.63476	-0.001944	0	-2.024747E-03
7	-25.21972	-26.26953	-25.29297	-0.000684	0	-2.006092E-03
7	-24.85351	-25.85449	-24.87793	0.000108	0	-1.987037E-03
7	-24.46289	-25.61035	-24.63379	-0.001404	0	-1.967568E-03
7	-24.16992	-25.14648	-24.16992	0.000828	0	-1.947667E-03
7	-23.68164	-24.75586	-23.77929	0.001872	0	-1.92732E-03
7	-23.2666	-24.36523	-23.38867	-0.000828	0	-1.906508E-03
7	-23.02246	-23.99902	-23.02246	-0.000252	0	-1.885214E-03
7	-22.58301	-23.58398	-22.60742	-0.001476	0	-1.86342E-03
7	-22.21679	-23.14453	-22.16797	0.000216	0	-1.841105E-03
7	-21.875	-22.82715	-21.85058	-0.00144	0	-1.81825E-03
7	-21.43554	-22.50976	-21.5332	0.000108	0	-1.794834E-03
7	-21.04492	-21.99707	-21.02051	-0.000504	0	-1.770835E-03
7	-20.80078	-21.72851	-20.75195	0.000288	0	-1.746232E-03
7	-20.38574	-21.33789	-20.36133	0.000576	0	-1.720999E-03
7	-19.87304	-20.94726	-19.9707	0.000144	0	-1.695113E-03
7	-19.48242	-20.4834	-19.50683	-0.000792	0	-1.668548E-03
7	-19.11621	-20.19043	-19.21387	-0.00036	0	-1.641278E-03
7	-18.79883	-19.89746	-18.9209	-0.000756	0	-1.613275E-03
7	-18.43262	-19.48242	-18.50586	0.000036	0	-1.584509E-03
7	-18.0664	-18.9209	-17.94433	0.000108	0	-1.554952E-03
7	-17.60254	-18.67676	-17.70019	0.00054	0	-1.524573E-03
7	-17.16308	-18.33496	-17.3584	-0.00054	0	-1.493338E-03
7	-16.82129	-17.87109	-16.89453	0.0009	0	-1.461215E-03
7	-16.43066	-17.50488	-16.52832	0.000756	0	-1.428167E-03
7	-16.08887	-17.13867	-16.16211	-0.00144	0	-1.394159E-03
7	-15.84473	-16.72363	-15.74707	0.00162	0	-1.359152E-03
7	-15.33203	-16.45508	-15.47851	-0.000828	0	-1.323108E-03
7	-15.06348	-16.04004	-15.06347	0.000864	0	-1.285983E-03
7	-14.57519	-15.60058	-14.62402	-0.001152	0	-1.247738E-03
7	-14.13574	-15.25879	-14.28223	0.000648	0	-1.208325E-03
7	-13.81836	-14.79492	-13.81836	-0.000576	0	-1.167699E-03
7	-13.37891	-14.55078	-13.57422	0.000684	0	-1.125811E-03
7	-13.01269	-14.11133	-13.13476	-0.000396	0	-1.082612E-03
7	-12.6709	-13.67187	-12.69531	0.001188	0	-1.038048E-03
7	-12.23144	-13.23242	-12.25586	0.001044	0	-9.920661E-04
7	-11.96289	-12.98828	-12.01172	0.00216	0	-9.446082E-04
7	-11.54785	-12.57324	-11.59668	0.000432	0	-8.956161E-04
7	-11.05957	-12.13379	-11.15723	0.001332	0	-8.450277E-04
7	-10.74219	-11.76758	-10.79101	0.00126	0	-7.927793E-04
7	-10.4248	-11.42578	-10.44922	0.000108	0	-7.388042E-04
7	-9.985351	-11.08398	-10.10742	-0.000288	0	-6.83033E-04
7	-9.594726	-10.5957	-9.61914	0.00198	0	-6.253936E-04
7	-9.277343	-10.20508	-9.228515	-0.000216	0	-5.658106E-04
7	-8.764647	-9.936522	-8.95996	0.00108	0	-5.042059E-04
7	-8.471679	-9.497069	-8.520507	0.001512	0	-4.404979E-04
7	-8.154296	-9.204101	-8.227538	-0.000324	0	-3.746017E-04
7	-7.666015	-8.715819	-7.739257	0.000972	0	-3.064293E-04
7	-7.324218	-8.471679	-7.495116	0.000468	0	-2.358884E-04
7	-6.884765	-7.93457	-6.958007	0	0	-1.628833E-04
7	-6.518554	-7.666015	-6.689453	0.001872	0	-8.731446E-05
7	-6.127929	-7.250976	-6.274414	-0.000036	0	-9.077893E-06
7	-5.786132	-6.860351	-5.883789	-0.000072	0	7.193429E-05
7	-5.346679	-6.469726	-5.493164	-0.000468	0	1.558346E-04
7	-4.93164	-6.103515	-5.126953	0.00054	0	2.427403E-04
7	-4.541015	-5.71289	-4.736328	0.003024	0	3.327733E-04
7	-4.223632	-5.395507	-4.418945	0.001728	0	4.260608E-04
7	-3.759765	-4.980468	-4.003906	0.001728	0	5.227348E-04
7	-3.515625	-4.638671	-3.662109	0.00162	0	6.229331E-04
7	-3.100586	-4.199218	-3.222656	0.001188	0	7.267995E-04
7	-2.685547	-3.735351	-2.758789	0.002844	0	8.344827E-04
7	-2.34375	-3.442383	-2.46582	-0.000288	0	9.461388E-04
7	-1.953125	-2.978515	-2.001953	0.000324	0	1.06193E-03
7	-1.586914	-2.636719	-1.660156	0.00342	0	1.182023E-03
7	-1.098633	-2.294922	-1.318359	0.00324	0	1.306597E-03
7	-0.805664	-1.831055	-0.8544921	0.00288	0	1.435832E-03
7	-0.415039	-1.538086	-0.5615233	0.000216	0	1.56992E-03
7	-4.882812E-02	-1.098633	-0.1220702	0.003276	0	1.709058E-03
7	0.4394531	-0.6835937	0.2929688	0.002808	0	1.853455E-03
7	0.7080078	-0.2929687	0.6835938	0.003888	0	2.003325E-03
7	1.171875	7.324218E-02	1.049805	0.002448	0	2.158893E-03
7	1.513672	0.4638672	1.44043	0.003204	0	2.320392E-03
7	1.953125	0.9277343	1.904297	0.004068	0	2.488066E-03
7	2.368164	1.171875	2.148438	0.005796	0	2.662168E-03
7	2.709961	1.635742	2.612305	0.00558	0	2.842963E-03
7	3.125	2.026367	3.002929	0.004176	0	3.030727E-03
7	3.442383	2.34375	3.320312	0.001656	0	3.225747E-03
7	3.784179	2.709961	3.686523	0.006012	0	3.428321E-03
7	4.15039	3.100586	4.077148	0.001116	0	3.638761E-03
7	4.589843	3.515625	4.492188	0.004572	0	3.857393E-03
7	5.05371	3.90625	4.882813	0.003024	0	4.084556E-03
7	5.346679	4.15039	5.126953	0.003924	0	4.320602E-03
7	5.737304	4.711914	5.688476	0.003924	0	4.565901E-03
7	6.201171	5.102539	6.079101	0.004464	0	4.820836E-03
7	6.542968	5.46875	6.445312	0.00576	0	5.085809E-03
7	6.762695	5.932617	6.909179	0.003996	0	5.361237E-03
7	7.27539	6.103515	7.080078	0.006156	0	5.647559E-03
7	7.641601	6.61621	7.592773	0.006084	0	5.945229E-03
7	8.17871	6.909179	7.885742	0.004248	0	6.254724E-03
7	8.520507	7.27539	8.251953	0.005364	0	6.576541E-03
7	8.813476	7.788085	8.764648	0.006372	0	6.911201E-03
7	9.130858	8.05664	9.033202	0.006372	0	7.259247E-03
7	9.472655	8.398437	9.374999	0.004824	0	7.621249E-03
7	9.960937	8.862304	9.838866	0.005976	0	7.997804E-03
7	10.35156	9.277343	10.25391	0.00774	0	8.389537E-03
7	10.7666	9.692382	10.66894	0.006768	0	8.797106E-03
7	11.08398	10.00976	10.98633	0.009072	0	0.0092212
7	11.47461	10.32715	11.30371	0.006912	0	9.662547E-03
7	11.84082	10.74219	11.71875	0.00972	0	1.012192E-02
7	12.18262	11.13281	12.10937	0.01026	0	1.060013E-02
7	12.57324	11.54785	12.52441	0.009324	0	1.109804E-02
7	13.01269	11.79199	12.76855	0.008856	0	1.161659E-02
7	13.40332	12.30469	13.28125	9.612001E-03	0	1.215677E-02
7	13.76953	12.59766	13.57422	0.011664	0	1.271969E-02
7	14.13574	12.98828	13.96484	0.01134	0	1.330654E-02
7	14.64844	13.35449	14.33105	0.014076	0	1.391871E-02
7	14.91699	13.67187	14.64844	0.013284	0	0.0145578
7	15.2832	14.20898	15.18555	0.015624	0	0.0152258
7	15.69824	14.57519	15.55176	0.014076	0	0.0159254
7	16.08887	14.91699	15.89355	0.01458	0	1.666075E-02
7	16.40625	15.30762	16.28418	0.015588	0	1.744015E-02
7	16.82129	15.64941	16.62598	0.016344	0	1.829566E-02
7	17.16308	16.01562	16.99219	0.016992	0	1.886574E-02
7	17.50488	16.43066	17.40722	0.016416	0	1.920491E-02
7	17.96875	16.82129	17.79785	0.01818	0	1.953728E-02
7	18.33496	17.11426	18.09082	0.020196	0	1.986322E-02
7	18.79883	17.50488	18.48144	0.020196	0	2.018308E-02
7	19.11621	17.91992	18.89648	0.020088	0	2.049717E-02
7	19.43359	18.26172	19.23828	0.019908	0	2.080578E-02
7	19.9707	18.65234	19.6289	0.023256	0	2.110918E-02
7	20.3125	19.09179	20.06836	0.022788	0	0.0214076
7	20.55664	19.50683	20.4834	0.023472	0	2.170128E-02
7	20.97168	19.75097	20.72754	0.026424	0	2.199043E-02
7	21.45996	20.1416	21.11816	0.027252	0	2.227523E-02
7	21.75293	20.58105	21.55762	0.02682	0	2.255588E-02
7	22.26562	20.94726	21.92383	0.028872	0	2.283254E-02
7	22.53418	21.28906	22.26562	0.030024	0	2.310536E-02
7	22.94922	21.67969	22.65625	0.029088	0	0.0233745
7	23.24219	22.07031	23.04687	0.0288	0	0.0236401
7	23.65722	22.48535	23.46191	0.029448	0	2.390229E-02
7	24.09668	22.70508	23.68164	0.029772	0	2.416118E-02
7	24.51172	23.19336	24.16992	0.031464	0	0.0244169
7	24.85351	23.6084	24.58496	0.030996	0	2.466956E-02
7	25.19531	23.90137	24.87793	0.0306	0	2.491924E-02
7	25.56152	24.26758	25.24414	0.03132	0	2.516607E-02
7	26.00097	24.60937	25.58594	0.032652	0	2.541012E-02
7	26.36719	24.95117	25.92773	0.030672	0	2.565148E-02
7	26.7334	25.39062	26.36719	0.03186	0	2.589024E-02
7	27.17285	25.80566	26.78222	0.032256	0	2.612648E-02
7	27.53906	26.09863	27.07519	0.029124	0	2.636026E-02
7	27.90527	26.51367	27.49023	0.032544	0	2.659167E-02
7	28.2959	26.85547	27.83203	0.036576	0	2.682077E-02
7	28.58887	27.22168	28.19824	0.037188	0	2.704762E-02
7	28.97949	27.56347	28.54004	0.038016	0	2.727229E-02
7	29.5166	27.9541	28.93066	0.041436	0	2.749483E-02
7	29.88281	28.36914	29.3457	0.041436	0	2.771531E-02
7	30.27344	28.63769	29.61426	0.04086	0	2.793377E-02
7	30.51758	29.15039	30.12695	0.03942	0	2.815027E-02
7	30.95703	29.54101	30.51758	0.037008	0	2.836486E-02
7	31.39648	29.80957	30.78613	0.038916	0	2.857758E-02
7	31.81152	30.15137	31.12793	0.038808	0	2.878848E-02
7	32.08007	30.61523	31.59179	0.038664	0	2.899761E-02
7	32.49511	31.0791	32.05566	0.040176	0	0.029205
7	32.8125	31.32324	32.2998	0.039888	0	2.941071E-02
7	33.34961	31.76269	32.73926	0.038844	0	2.961476E-02
7	33.61816	32.10449	33.08105	0.038556	0	2.981718E-02
7	34.05761	32.44629	33.42285	0.037872	0	3.001804E-02
7	34.44824	32.88574	33.8623	0.036612	0	3.021734E-02
7	34.79004	33.22754	34.2041	0.037116	0	3.041514E-02
7	35.18066	33.59375	34.57031	0.036972	0	3.061145E-02
7	35.54687	33.95996	34.93652	0.03726	0	3.080632E-02
7	35.88867	34.25293	35.22949	0.036216	0	3.099977E-02
7	36.25488	34.64355	35.62011	0.034416	0	3.119183E-02
7	36.8164	35.03418	36.01074	0.0342	0	3.138253E-02
7	37.13379	35.40039	36.37695	0.033264	0	3.157189E-02
7	37.45117	35.7666	36.74316	0.037836	0	3.175995E-02
7	37.84179	36.10839	37.08496	0.038376	0	3.194673E-02
