
 IV Data
=========
" " 


Scan Num	Measured Voltage (V)	Reference Voltage (V)	Corrected Voltage (V)	Current (mA)	Current Error (%)	Theoretical Current (mA)
5	-52.51464	-48.77929	-52.51464	-1.47996	-1.47996	0
5	-38.25683	-34.88769	-38.62304	-1.332	0	0
5	-37.91504	-34.79004	-38.52539	-1.31976	0	0
5	-37.45117	-34.54589	-38.28125	-1.30788	0	0
5	-37.10937	-33.93554	-37.67089	-1.33128	0	0
5	-36.6455	-33.78906	-37.52441	-1.30212	0	0
5	-36.32812	-33.56933	-37.30468	-1.29852	0	0
5	-35.98632	-33.15429	-36.88964	-1.28916	0	0
5	-35.54687	-32.83691	-36.57226	-1.28664	0	0
5	-35.18066	-32.61718	-36.35254	-1.27872	0	0
5	-34.79004	-32.20214	-35.9375	-1.27872	0	0
5	-34.42382	-31.86035	-35.5957	-1.27404	0	0
5	-34.0332	-31.44531	-35.18066	-1.26468	0	0
5	-33.66699	-31.12793	-34.86328	-1.25928	0	0
5	-33.34961	-29.54101	-33.27637	-1.25316	0	0
5	-32.86132	-29.58984	-33.3252	-1.22976	0	0
5	-32.51953	-29.37012	-33.10547	-1.22688	0	0
5	-32.15332	-29.05273	-32.78809	-1.2222	0	0
5	-31.66504	-28.78418	-32.51953	-1.21644	0	0
5	-31.39648	-28.49121	-32.22656	-1.215	0	0
5	-30.88379	-28.19824	-31.93359	-1.2096	0	0
5	-30.54199	-27.88086	-31.61621	-1.20168	0	0
5	-30.27344	-27.51465	-31.25	-1.19628	0	0
5	-29.93164	-27.17285	-30.9082	-1.19664	0	0
5	-29.46777	-26.75781	-30.49316	-1.19484	0	0
5	-29.10156	-26.3916	-30.12695	-1.17936	0	0
5	-28.75976	-26.07422	-29.80957	-1.18476	0	0
5	-28.44238	-25.65918	-29.39453	-1.1754	0	0
5	-28.00293	-25.43945	-29.1748	-1.17792	0	0
5	-27.51465	-25.07324	-28.80859	-1.17684	0	0
5	-27.17285	-24.68262	-28.41797	-1.16352	0	0
5	-26.78222	-24.26758	-28.00293	-1.16244	0	0
5	-26.41601	-23.92578	-27.66113	-1.16316	0	0
5	-26.00097	-23.51074	-27.24609	-1.15344	0	0
5	-25.53711	-23.21777	-26.95312	-1.15164	0	0
5	-25.24414	-22.80273	-26.53808	-1.13544	0	0
5	-24.75586	-22.41211	-26.14746	-1.12968	0	0
5	-24.56054	-22.0459	-25.78125	-1.11204	0	0
5	-24.09668	-21.72851	-25.46387	-1.10808	0	0
5	-23.68164	-21.38672	-25.12207	-1.09836	0	0
5	-23.31543	-20.99609	-24.73144	-1.08612	0	0
5	-22.97363	-20.62988	-24.36523	-1.08396	0	0
5	-22.63183	-20.23926	-23.97461	-1.07244	0	0
5	-22.21679	-19.89746	-23.63281	-1.06056	0	0
5	-21.77734	-19.53125	-23.2666	-1.0566	0	0
5	-21.38672	-19.23828	-22.97363	-1.0476	0	0
5	-21.04492	-18.75	-22.48535	-1.0368	0	0
5	-20.60547	-18.48144	-22.21679	-1.0332	0	0
5	-20.28808	-17.96875	-21.7041	-1.01772	0	0
5	-19.94629	-17.72461	-21.45996	-1.01556	0	0
5	-19.58008	-17.28515	-21.02051	-1.00836	0	0
5	-19.09179	-16.89453	-20.62988	-0.99972	0	0
5	-18.67676	-16.62597	-20.36133	-0.9846	0	0
5	-18.4082	-16.28418	-20.01953	-0.97884	0	0
5	-18.04199	-15.94238	-19.67773	-0.96948	0	0
5	-17.67578	-15.40527	-19.14063	-0.96228	0	0
5	-17.1875	-15.1123	-18.84766	-0.9522	0	0
5	-16.79687	-14.69726	-18.43262	-0.94428	0	0
5	-16.43066	-14.42871	-18.16406	-0.93564	0	0
5	-16.06445	-14.11133	-17.84668	-0.92556	0	0
5	-15.69824	-13.62305	-17.3584	-0.9126	0	0
5	-15.35644	-13.25683	-16.99219	-0.90648	0	0
5	-14.96582	-12.89062	-16.62598	-0.89028	0	0
5	-14.55078	-12.59766	-16.33301	-0.88308	0	0
5	-14.18457	-12.13379	-15.86914	-0.87588	0	0
5	-13.76953	-11.84082	-15.57617	-0.8712	0	0
5	-13.37891	-11.42578	-15.16113	-0.86184	0	0
5	-13.03711	-11.1084	-14.84375	-0.85824	0	0
5	-12.59766	-10.83984	-14.57519	-0.84384	0	0
5	-12.23144	-10.37598	-14.11133	-0.83916	0	0
5	-11.9873	-9.936522	-13.67187	-0.82512	0	0
5	-11.49902	-9.545897	-13.28125	-0.81936	0	0
5	-11.15723	-9.277343	-13.01269	-0.80784	0	0
5	-10.69336	-8.95996	-12.69531	-0.79128	0	0
5	-10.30273	-8.447265	-12.18262	-0.78192	0	0
5	-9.936522	-8.154296	-11.88965	-0.77112	0	0
5	-9.61914	-7.641601	-11.37695	-0.75384	0	0
5	-9.106444	-7.27539	-11.01074	-0.74592	0	0
5	-8.789062	-6.958007	-10.69336	-0.73296	0	0
5	-8.422851	-6.665039	-10.40039	-0.72108	0	0
5	-8.105468	-6.298828	-10.03418	-0.71244	0	0
5	-7.690429	-5.761718	-9.49707	-0.6966	0	0
5	-7.202148	-5.493164	-9.228516	-0.68652	0	0
5	-6.884765	-5.175781	-8.911133	-0.67644	0	0
5	-6.567382	-4.785156	-8.520508	-0.66096	0	0
5	-6.127929	-4.492187	-8.227539	-0.6408	0	0
5	-5.883789	-4.052734	-7.788085	-0.64188	0	0
5	-5.346679	-3.735351	-7.470703	-0.62064	0	0
5	-5.004882	-3.344726	-7.080078	-0.60696	0	0
5	-4.614257	-2.954101	-6.689453	-0.59184	0	0
5	-4.101562	-2.709961	-6.445313	-0.58212	0	0
5	-3.881836	-2.221679	-5.957031	-0.57168	0	0
5	-3.393554	-1.879883	-5.615234	-0.55476	0	0
5	-3.076172	-1.513672	-5.249023	-0.54144	0	0
5	-2.58789	-1.171875	-4.907227	-0.531	0	0
5	-2.46582	-0.7812499	-4.516602	-0.50616	0	0
5	-1.879883	-0.4882812	-4.223633	-0.48852	0	0
5	-1.538086	-4.882812E-02	-3.78418	-0.47304	0	0
5	-1.147461	0.3173828	-3.417969	-0.45072	0	0
5	-0.8544921	0.7080078	-3.027344	-0.43236	0	0
5	-0.3417968	0.9521484	-2.783203	-0.414	0	0
5	0	1.44043	-2.294922	-0.39168	0	0
5	0.4394531	1.757812	-1.977539	-0.36612	0	0
5	0.7080078	2.172851	-1.5625	-0.34272	0	0
5	1.098633	2.490234	-1.245117	-0.30816	0	0
5	1.513672	2.832031	-0.9033206	-0.28728	0	0
5	1.904297	3.198242	-0.5371096	-0.25668	0	0
5	2.34375	3.588867	-0.1464846	-0.22644	0	0
5	2.758789	3.930664	0.1953123	-0.1854	0	0
5	3.076172	4.345703	0.6103511	-0.14688	0	0
5	3.442383	4.6875	0.952148	-0.11196	0	0
5	3.90625	4.956054	1.220703	-0.06912	0	0
5	4.223632	5.419921	1.68457	-0.0252	0	0
5	4.614257	5.737304	2.001953	0.01044	0	0
5	5.05371	6.079101	2.34375	0.054	0	0
5	5.297851	6.396484	2.661132	0.10476	0	0
5	5.71289	6.811523	3.076171	0.15408	0	0
5	6.079101	7.104492	3.36914	0.21168	0	0
5	6.591796	7.446289	3.710937	0.26136	0	0
5	6.835937	7.739257	4.003906	0.324	0	0
5	7.27539	8.007812	4.27246	0.3816	0	0
5	7.666015	8.349608	4.614257	0.44928	0	0
5	8.105468	8.740233	5.004882	0.51264	0	0
5	8.422851	9.033202	5.297851	0.57564	0	0
5	8.83789	9.326171	5.590819	0.65376	0	0
5	9.155272	9.814452	6.079101	0.72432	0	0
5	9.521483	9.960937	6.225585	0.801	0	0
5	9.887694	10.35156	6.61621	0.87516	0	0
5	10.22949	10.5957	6.860351	0.95004	0	0
5	10.71777	10.98633	7.250976	1.02744	0	0
5	11.01074	11.23047	7.495116	1.10412	0	0
5	11.47461	11.54785	7.812499	1.17432	0	0
5	11.81641	11.81641	8.081054	1.24416	0	0
5	12.25586	12.13379	8.398437	1.3176	0	0
5	12.6709	12.40234	8.666991	1.39464	0	0
5	12.96387	12.64648	8.911132	1.45368	0	0
5	13.37891	13.06152	9.326171	1.5264	0	0
5	13.81836	13.13476	9.399413	1.58868	0	0
5	14.11133	13.47656	9.74121	1.64772	0	0
5	14.52637	13.74512	10.00976	1.69956	0	0
5	14.91699	13.96484	10.22949	1.75896	0	0
5	15.2832	14.2334	10.49805	1.81404	0	0
5	15.625	14.37988	10.64453	1.86912	0	0
5	16.04004	14.64844	10.91308	1.9116	0	0
5	16.43066	14.99023	11.25488	1.95984	0	0
5	16.89453	15.1123	11.37695	2.01276	0	0
5	17.1875	15.42969	11.69433	2.05812	0	0
5	17.50488	15.64941	11.91406	2.09988	0	0
5	17.96875	15.7959	12.06055	2.14308	0	0
5	18.26172	16.06445	12.3291	2.15676	0	0
5	18.62793	16.30859	12.57324	2.19672	0	0
5	19.14062	16.60156	12.86621	2.2176	0	0
5	19.40918	16.6748	12.93945	2.2788	0	0
5	19.89746	16.94336	13.20801	2.2932	0	0
5	20.19043	17.06543	13.33008	2.3076	0	0
5	20.55664	17.28515	13.5498	2.322	0	0
5	21.04492	17.60254	13.86719	2.3544	0	0
5	21.33789	17.77344	14.03808	2.358	0	0
5	21.72851	18.01758	14.28222	2.376	0	0
5	22.14355	18.13965	14.40429	2.4048	0	0
5	22.48535	18.28613	14.55078	2.4228	0	0
5	22.87597	18.45703	14.72168	2.4444	0	0
5	23.31543	18.70117	14.96582	2.4732	0	0
5	23.63281	18.87207	15.13672	2.4624	0	0
5	24.04785	19.14062	15.40527	2.4768	0	0
5	24.56054	19.31152	15.57617	2.5092	0	0
5	24.80469	19.48242	15.74707	2.5416	0	0
5	25.14648	19.65332	15.91797	2.5236	0	0
5	25.58594	19.87304	16.13769	2.5632	0	0
5	25.95215	20.01953	16.28418	2.5884	0	0
5	26.24512	20.21484	16.47949	2.5884	0	0
5	26.7334	20.43457	16.69922	2.5956	0	0
5	27.05078	20.60547	16.87012	2.628	0	0
5	27.58789	20.77637	17.04101	2.6388	0	0
5	27.90527	20.84961	17.11426	2.6496	0	0
5	28.14941	21.14258	17.40722	2.6604	0	0
5	28.56445	21.16699	17.43164	2.6568	0	0
5	28.97949	21.41113	17.67578	2.7072	0	0
5	29.44336	21.5332	17.79785	2.7108	0	0
5	29.76074	21.75293	18.01758	2.7288	0	0
5	30.22461	21.72851	17.99316	2.7576	0	0
5	30.63965	22.02148	18.28613	2.7648	0	0
5	30.93262	22.16797	18.43262	2.7792	0	0
5	31.22558	22.24121	18.50586	2.79	0	0
5	31.68945	22.46094	18.72558	2.8296	0	0
5	32.03125	22.63183	18.89648	2.8332	0	0
5	32.4707	22.68066	18.94531	2.862	0	0
5	32.88574	22.82715	19.09179	2.8728	0	0
5	33.15429	22.97363	19.23828	2.8944	0	0
5	33.66699	23.19336	19.45801	2.8944	0	0
5	34.10644	23.33984	19.60449	2.8944	0	0
5	34.35058	23.33984	19.60449	2.9088	0	0
5	34.81445	23.58398	19.84863	2.9196	0	0
5	35.10742	23.63281	19.89746	2.934	0	0
5	35.57129	23.80371	20.06836	2.9412	0	0
5	35.7666	23.92578	20.19043	2.9592	0	0
5	36.18164	23.95019	20.21484	2.9736	0	0
5	36.76757	24.19433	20.45898	2.9808	0	0
5	37.08496	24.34082	20.60547	3.006	0	0
5	37.45117	24.46289	20.72754	3.0024	0	0
5	37.67089	24.53613	20.80078	3.0456	0	0
