
 IV Data
=========
" " 


Scan Num	Measured Voltage (V)	Reference Voltage (V)	Corrected Voltage (V)	Current (mA)	Current Error (%)	Theoretical Current (mA)
4	-52.53906	-64.28222	-52.53906	-0.195804	-0.195804	-0.1166468
4	7.788085	-3.442383	8.300777	-0.082332	0	-0.1162166
4	8.129882	-3.198242	8.544918	-0.078192	0	-0.1157825
4	8.276366	-2.954101	8.789059	-0.07812	0	-0.1153445
4	8.496093	-2.832031	8.911129	-0.077976	0	-0.1149023
4	8.618163	-2.636719	9.106441	-0.074772	0	-0.1144559
4	8.83789	-2.490234	9.252926	-0.07542	0	-0.1140052
4	9.057616	-2.124023	9.619137	-0.0738	0	-0.1135499
4	9.277343	-2.001953	9.741207	-0.073836	0	-0.1130901
4	9.448241	-1.733398	10.00976	-0.07074	0	-0.1126256
4	9.545897	-1.538086	10.20507	-0.071352	0	-0.1121562
4	9.790038	-1.293945	10.44921	-0.07002	0	-0.1116817
4	10.03418	-1.147461	10.5957	-0.07092	0	-0.1112021
4	10.22949	-0.7812499	10.96191	-0.070164	0	-0.1107172
4	10.47363	-0.7324218	11.01074	-0.067536	0	-0.1102268
4	10.62012	-0.4882812	11.25488	-0.070452	0	-0.1097308
4	10.7666	-0.2441406	11.49902	-0.067428	0	-0.1092289
4	11.01074	-9.765624E-02	11.6455	-0.066888	0	-0.1087211
4	11.15723	9.765624E-02	11.84082	-0.065484	0	-0.1082071
4	11.47461	0.3417968	12.08496	-0.066744	0	-0.1076868
4	11.71875	0.5859374	12.3291	-0.064764	0	-0.1071599
4	11.84082	0.7324218	12.47558	-0.062208	0	-0.1066262
4	12.08496	0.9521484	12.69531	-0.063396	0	-0.1060856
4	12.23144	1.025391	12.76855	-0.063036	0	-0.1055379
4	12.35351	1.391601	13.13476	-0.061632	0	-0.1049827
4	12.64648	1.611328	13.35449	-0.059436	0	-0.1044199
4	12.86621	1.782226	13.52539	-0.060732	0	-0.1038493
4	12.96387	2.001953	13.74511	-0.056988	0	-0.1032706
4	13.18359	2.221679	13.96484	-0.058824	0	-0.1026835
4	13.47656	2.416992	14.16015	-0.05616	0	-0.1020878
4	13.59863	2.661133	14.40429	-0.055548	0	-0.1014832
4	13.76953	2.880859	14.62402	-0.056376	0	-0.1008695
4	13.96484	3.100586	14.84375	-0.051732	0	-0.1002463
4	14.18457	3.222656	14.96582	-0.052956	0	-9.961329E-02
4	14.42871	3.491211	15.23437	-0.052344	0	-9.897024E-02
4	14.69726	3.637695	15.38086	-0.050652	0	-9.831682E-02
4	14.81933	3.90625	15.64941	-0.050436	0	-9.765267E-02
4	14.91699	4.077148	15.82031	-0.04788	0	-9.697744E-02
4	15.23437	4.27246	16.01562	-0.051084	0	-9.629078E-02
4	15.4541	4.516601	16.25976	-0.047376	0	-9.559234E-02
4	15.55176	4.80957	16.55273	-0.04518	0	-9.488173E-02
4	15.7959	4.882812	16.62597	-0.044064	0	-9.415854E-02
4	15.9668	5.05371	16.79687	-0.044784	0	-0.0934224
4	16.11328	5.346679	17.08984	-0.043344	0	-9.267285E-02
4	16.38183	5.566406	17.30957	-0.044316	0	-9.190947E-02
4	16.57715	5.761718	17.50488	-0.040464	0	-9.113179E-02
4	16.82129	5.981445	17.72461	-0.040284	0	-9.033937E-02
4	17.0166	6.201171	17.94433	-0.038448	0	-8.953173E-02
4	17.30957	6.396484	18.13964	-0.037116	0	-8.870834E-02
4	17.43164	6.542968	18.28613	-0.037836	0	-0.0878687
4	17.55371	6.713867	18.45703	-0.03564	0	-8.701228E-02
4	17.84668	6.982421	18.72558	-0.03492	0	-0.0861385
4	18.0664	7.202148	18.94531	-0.03582	0	-8.524682E-02
4	18.21289	7.470703	19.21386	-0.032364	0	-8.433662E-02
4	18.38379	7.568359	19.31152	-0.031932	0	-0.0834073
4	18.5791	7.788085	19.53125	-0.029232	0	-8.245822E-02
4	18.75	8.05664	19.7998	-0.027216	0	-8.148872E-02
4	18.99414	8.17871	19.92187	-0.02556	0	-8.049814E-02
4	19.14062	8.447265	20.19043	-0.023616	0	-7.948574E-02
4	19.43359	8.666991	20.41015	-0.022932	0	-7.845083E-02
4	19.6289	8.764647	20.50781	-0.020736	0	-7.739261E-02
4	19.82422	9.057616	20.80078	-0.020196	0	-7.631035E-02
4	19.99512	9.204101	20.94726	-0.017172	0	-0.0752032
4	20.16601	9.521483	21.26464	-0.0135	0	-7.407036E-02
4	20.41015	9.716796	21.45996	-0.014688	0	-7.291093E-02
4	20.58105	9.912108	21.65527	-0.012924	0	-7.172403E-02
4	20.77637	10.15625	21.89941	-0.010188	0	-7.050875E-02
4	20.94726	10.25391	21.99707	-0.00738	0	-0.0692641
4	21.26465	10.52246	22.26562	-0.00396	0	-0.0679891
4	21.38672	10.74219	22.48535	-0.004824	0	-6.668273E-02
4	21.48437	10.96191	22.70507	-0.00162	0	-6.534392E-02
4	21.80176	11.15723	22.90039	-0.000828	0	-6.397159E-02
4	22.02148	11.35254	23.0957	0.002808	0	-6.256456E-02
4	22.24121	11.52344	23.2666	0.002952	0	-6.112167E-02
4	22.29004	11.71875	23.46191	0.0063	0	-5.964171E-02
4	22.68066	12.03613	23.77929	0.007488	0	-5.812341E-02
4	22.80273	12.08496	23.82812	0.007848	0	-5.656547E-02
4	23.04687	12.28027	24.02343	0.01026	0	-5.496652E-02
4	23.24219	12.54883	24.29199	0.013968	0	-5.332516E-02
4	23.38867	12.86621	24.60937	0.016704	0	-5.163995E-02
4	23.6084	12.93945	24.68261	0.0189	0	-4.990939E-02
4	23.85254	13.18359	24.92675	0.017928	0	-4.813193E-02
4	23.92578	13.35449	25.09765	0.021096	0	-4.630596E-02
4	24.29199	13.64746	25.39062	0.022968	0	-4.442979E-02
4	24.36523	13.79394	25.53711	0.02466	0	-4.250172E-02
4	24.53613	13.96484	25.708	0.026784	0	-4.051996E-02
4	24.85351	14.25781	26.00097	0.029736	0	-0.0384827
4	24.97558	14.37988	26.12304	0.029232	0	-3.638796E-02
4	25.14648	14.59961	26.34277	0.031788	0	-3.423381E-02
4	25.39062	14.86816	26.61132	0.03438	0	-3.201818E-02
4	25.58594	15.06348	26.80664	0.03528	0	-2.973896E-02
4	25.85449	15.16113	26.90429	0.036612	0	-2.739398E-02
4	25.95215	15.42969	27.17285	0.03942	0	-2.498092E-02
4	26.17187	15.64941	27.39257	0.044172	0	-2.249743E-02
4	26.41601	15.72266	27.46582	0.04644	0	-1.994112E-02
4	26.66015	15.99121	27.73437	0.047304	0	-1.730942E-02
4	26.85547	16.16211	27.90527	0.048816	0	-1.459977E-02
4	26.95312	16.45508	28.19824	0.053712	0	-1.180941E-02
4	27.12402	16.60156	28.34472	0.0567	0	-8.935584E-03
4	27.41699	16.82129	28.56445	0.058608	0	-5.975367E-03
4	27.63672	17.0166	28.75976	0.059616	0	-2.925805E-03
4	27.75879	17.3584	29.10156	0.064476	0	2.162598E-04
4	28.02734	17.40722	29.15038	0.066168	0	3.454018E-03
4	28.22265	17.65137	29.39453	0.070092	0	6.790802E-03
4	28.41797	17.87109	29.61425	0.072972	0	1.023006E-02
4	28.58887	18.0664	29.80956	0.077904	0	1.377532E-02
4	28.83301	18.16406	29.90722	0.080856	0	1.743033E-02
4	28.93066	18.45703	30.20019	0.081864	0	2.119891E-02
4	29.10156	18.77441	30.51757	0.086508	0	0.025085
4	29.32129	18.87207	30.61523	0.090252	0	2.909272E-02
4	29.58984	19.01855	30.76171	0.09342	0	3.322626E-02
4	29.73633	19.14062	30.88378	0.097092	0	3.749011E-02
4	30.12695	19.48242	31.22558	0.102276	0	4.188877E-02
4	30.20019	19.70215	31.44531	0.104724	0	4.642693E-02
4	30.34668	19.92187	31.66503	0.111276	0	5.110958E-02
4	30.68847	20.04394	31.7871	0.112968	0	5.594162E-02
4	30.7373	20.19043	31.93359	0.119376	0	6.092846E-02
4	31.00586	20.45898	32.20214	0.124056	0	6.607534E-02
4	31.15234	20.72754	32.4707	0.128592	0	7.138798E-02
4	31.32324	20.94726	32.69042	0.133668	0	7.687227E-02
4	31.64062	21.09375	32.83691	0.137916	0	8.253407E-02
4	31.78711	21.31347	33.05663	0.1431	0	8.837979E-02
4	32.00683	21.55762	33.30077	0.148032	0	9.441572E-02
4	32.20214	21.60644	33.3496	0.155988	0	0.1006486
4	32.4707	21.80176	33.54491	0.160524	0	0.1070856
4	32.59277	22.11914	33.8623	0.163512	0	0.1137336
4	32.83691	22.24121	33.98437	0.169164	0	0.1206002
4	32.95898	22.41211	34.15527	0.176292	0	0.127693
4	33.20312	22.72949	34.47265	0.180612	0	0.13502
4	33.39843	22.80273	34.54589	0.189792	0	0.1425897
4	33.54492	23.02246	34.76562	0.193464	0	0.1504104
4	33.6914	23.19336	34.93652	0.202212	0	0.1584913
4	34.0332	23.41308	35.15624	0.21006	0	0.1668412
4	34.25293	23.6084	35.35155	0.217692	0	0.1754699
4	34.32617	23.90137	35.64452	0.22824	0	0.1843874
4	34.52148	24.12109	35.86425	0.23508	0	0.1936037
4	34.74121	24.21875	35.96191	0.24264	0	0.2031297
4	34.91211	24.38965	36.1328	0.25272	0	0.2129761
4	35.20507	24.60937	36.35253	0.25884	0	0.2231546
4	35.32714	24.87793	36.62109	0.26532	0	0.2336771
4	35.57129	24.97558	36.71874	0.27288	0	0.2445557
4	35.7666	25.21972	36.96288	0.28116	0	0.2558034
4	36.01074	25.46387	37.20702	0.2934	0	0.2674332
4	36.15722	25.68359	37.42675	0.29952	0	0.279459
4	36.37695	25.75683	37.49999	0.30924	0	0.2918952
4	36.62109	25.95215	37.6953	0.315	0	0.3047564
4	36.79199	26.14746	37.89062	0.32796	0	0.3180584
4	37.01171	26.36719	38.11034	0.33552	0	0.3318167
4	37.1582	26.63574	38.3789	0.34884	0	0.3460484
4	37.47558	26.83105	38.57421	0.35712	0	0.360771
4	37.52441	26.90429	38.64745	0.36756	0	0.3760021
4	37.74414	27.14844	38.89159	0.38124	0	0.3917611
4	38.08593	27.4414	39.18456	0.38916	0	0.4080673
4	37.98828	27.51465	39.2578	0.4032	0	0.4249414
4	38.30566	27.73437	39.47753	0.41688	0	0.4424053
4	38.45214	27.88086	39.62402	0.42876	0	0.4604812
4	38.81836	28.17383	39.91698	0.43992	0	0.4791935
4	38.94043	28.32031	40.06347	0.45108	0	0.4985666
4	39.0625	28.41797	40.16113	0.46692	0	0.5186276
4	39.30664	28.61328	40.35644	0.47628	0	0.5394053
4	39.52636	28.85742	40.60058	0.49104	0	0.5609294
4	39.81933	28.93066	40.67382	0.50472	0	0.5832335
4	39.89257	29.1748	40.91796	0.51948	0	0.6063545
4	40.08789	29.44336	41.18652	0.53388	0	0.6303322
4	40.40527	29.63867	41.38183	0.55188	0	0.6552144
4	40.50293	29.80957	41.55273	0.56448	0	0.6810565
4	40.77148	30.00488	41.74804	0.57924	0	0.7079298
4	40.96679	30.17578	41.91894	0.59436	0	0.7359332
4	41.16211	30.34668	42.08984	0.60876	0	0.7652214
4	41.333	30.49316	42.23632	0.6228	0	0.7961099
4	41.55273	30.63965	42.3828	0.64152	0	0.8297169
4	41.6748	30.83496	42.57812	0.65844	0	0.8545784
4	42.0166	31.10351	42.84667	0.67572	0	0.8677093
4	42.26074	31.12793	42.87109	0.68976	0	0.8806072
4	42.35839	31.4209	43.16405	0.70092	0	0.8932842
4	42.52929	31.59179	43.33495	0.72252	0	0.9057502
4	42.67578	31.81152	43.55468	0.73224	0	0.9180149
4	43.04199	31.98242	43.72558	0.74808	0	0.9300876
4	43.11523	32.1289	43.87206	0.765	0	0.9419762
4	43.38379	32.2998	44.04296	0.77688	0	0.9536889
4	43.53027	32.34863	44.09179	0.7956	0	0.9652324
4	43.77441	32.71484	44.458	0.8118	0	0.9766138
4	43.89648	32.8125	44.55566	0.82764	0	0.9878393
4	44.11621	32.95898	44.70214	0.84492	0	0.9989148
4	44.36035	33.12988	44.87304	0.86076	0	1.009846
4	44.50683	33.25195	44.99511	0.87588	0	1.020638
4	44.70214	33.42285	45.16601	0.89208	0	1.031295
4	44.92187	33.61816	45.36132	0.909	0	1.041823
4	45.04394	33.78906	45.53222	0.92232	0	1.052226
4	45.26367	34.00879	45.75195	0.93888	0	1.062508
4	45.43457	34.17968	45.92284	0.95328	0	1.072672
4	45.65429	34.32617	46.06933	0.96876	0	1.082723
4	45.84961	34.57031	46.31347	0.98676	0	1.092664
4	46.0205	34.69238	46.43554	0.999	0	1.102498
4	46.26464	34.74121	46.48437	1.01484	0	1.112229
4	46.55761	35.00976	46.75292	1.03212	0	1.121859
4	46.7041	35.15625	46.89941	1.05012	0	1.131392
4	46.89941	35.35156	47.09472	1.06164	0	1.14083
4	46.97265	35.54687	47.29003	1.07748	0	1.150176
4	47.29004	35.69336	47.43652	1.09224	0	1.159433
4	47.38769	35.83984	47.583	1.11024	0	1.168602
