
 IV Data
=========
" " 


Scan Num	Measured Voltage (V)	Reference Voltage (V)	Corrected Voltage (V)	Current (mA)	Current Error (%)	Theoretical Current (mA)
2	-52.51464	-48.16894	-52.51464	-2.0196	-2.0196	0
2	-38.208	-34.42382	-38.76953	-1.8252	0	0
2	-37.93945	-33.32519	-37.67089	-1.7892	0	0
2	-37.42675	-33.30078	-37.64648	-1.7964	0	0
2	-37.08496	-32.69043	-37.03613	-1.8216	0	0
2	-36.6455	-32.59277	-36.93847	-1.7568	0	0
2	-36.42578	-32.27539	-36.62109	-1.7388	0	0
2	-35.96191	-31.90918	-36.25488	-1.764	0	0
2	-35.74218	-31.64062	-35.98633	-1.71	0	0
2	-35.18066	-31.32324	-35.66895	-1.7532	0	0
2	-34.86328	-30.83496	-35.18066	-1.7208	0	0
2	-34.44824	-30.5664	-34.91211	-1.7136	0	0
2	-34.00879	-30.34668	-34.69238	-1.7388	0	0
2	-33.81347	-29.8584	-34.2041	-1.6848	0	0
2	-33.39843	-29.71191	-34.05762	-1.7064	0	0
2	-32.86132	-29.19922	-33.54492	-1.6956	0	0
2	-32.54394	-28.83301	-33.17871	-1.7028	0	0
2	-32.15332	-28.46679	-32.8125	-1.6596	0	0
2	-31.76269	-28.19824	-32.54395	-1.6416	0	0
2	-31.37207	-27.75879	-32.10449	-1.7136	0	0
2	-31.0791	-27.41699	-31.76269	-1.6668	0	0
2	-30.68847	-27.07519	-31.4209	-1.6704	0	0
2	-30.24902	-26.75781	-31.10351	-1.6524	0	0
2	-29.80957	-26.3916	-30.7373	-1.62	0	0
2	-29.46777	-26.00097	-30.34668	-1.6236	0	0
2	-29.10156	-25.56152	-29.90722	-1.6488	0	0
2	-28.75976	-25.19531	-29.54101	-1.5804	0	0
2	-28.24707	-24.87793	-29.22363	-1.6128	0	0
2	-27.9541	-24.51172	-28.85742	-1.5948	0	0
2	-27.51465	-24.26758	-28.61328	-1.62	0	0
2	-27.22168	-23.80371	-28.14941	-1.5732	0	0
2	-26.85547	-23.53515	-27.88086	-1.548	0	0
2	-26.36719	-23.0957	-27.4414	-1.5768	0	0
2	-26.0498	-22.70508	-27.05078	-1.5732	0	0
2	-25.70801	-22.24121	-26.58691	-1.512	0	0
2	-25.26855	-21.97265	-26.31836	-1.548	0	0
2	-24.85351	-21.60644	-25.95215	-1.4832	0	0
2	-24.43847	-21.24023	-25.58594	-1.53	0	0
2	-24.02344	-20.89844	-25.24414	-1.458	0	0
2	-23.68164	-20.53222	-24.87793	-1.5012	0	0
2	-23.33984	-20.19043	-24.53613	-1.4472	0	0
2	-23.02246	-19.7998	-24.14551	-1.4328	0	0
2	-22.50976	-19.48242	-23.82812	-1.4328	0	0
2	-22.16797	-19.01855	-23.36426	-1.4616	0	0
2	-21.7041	-18.72558	-23.07129	-1.3788	0	0
2	-21.43554	-18.28613	-22.63183	-1.4472	0	0
2	-21.06933	-18.09082	-22.43652	-1.386	0	0
2	-20.62988	-17.60254	-21.94824	-1.3464	0	0
2	-20.23926	-17.28515	-21.63086	-1.3968	0	0
2	-19.89746	-16.8457	-21.1914	-1.3212	0	0
2	-19.60449	-16.55273	-20.89844	-1.3356	0	0
2	-19.26269	-16.11328	-20.45898	-1.2816	0	0
2	-18.75	-15.74707	-20.09277	-1.3536	0	0
2	-18.4082	-15.40527	-19.75098	-1.2816	0	0
2	-17.89551	-15.01465	-19.36035	-1.296	0	0
2	-17.62695	-14.81933	-19.16504	-1.2996	0	0
2	-17.26074	-14.20898	-18.55469	-1.2924	0	0
2	-16.79687	-13.96484	-18.31055	-1.2168	0	0
2	-16.5039	-13.67187	-18.01758	-1.206	0	0
2	-16.08887	-13.20801	-17.55371	-1.2276	0	0
2	-15.64941	-12.89062	-17.23633	-1.242	0	0
2	-15.2832	-12.45117	-16.79688	-1.2168	0	0
2	-14.86816	-12.1582	-16.50391	-1.2132	0	0
2	-14.57519	-11.74316	-16.08887	-1.2168	0	0
2	-14.25781	-11.42578	-15.77148	-1.1988	0	0
2	-13.8916	-11.08398	-15.42969	-1.1628	0	0
2	-13.37891	-10.66894	-15.01465	-1.1304	0	0
2	-13.06152	-10.20508	-14.55078	-1.134	0	0
2	-12.64648	-9.86328	-14.20898	-1.1304	0	0
2	-12.18262	-9.521483	-13.86719	-1.062	0	0
2	-11.84082	-9.204101	-13.5498	-1.0692	0	0
2	-11.47461	-8.813476	-13.15918	-1.062	0	0
2	-11.08398	-8.471679	-12.81738	-1.0728	0	0
2	-10.69336	-7.958984	-12.30469	-1.0224	0	0
2	-10.40039	-7.739257	-12.08496	-1.026	0	0
2	-10.03418	-7.324218	-11.66992	-0.9863999	0	0
2	-9.594726	-6.958007	-11.30371	-1.0044	0	0
2	-9.106444	-6.567382	-10.91309	-0.9827999	0	0
2	-8.789062	-6.274414	-10.62012	-0.9396	0	0
2	-8.447265	-5.908203	-10.25391	-0.9288	0	0
2	-8.081054	-5.493164	-9.838867	-0.8856	0	0
2	-7.739257	-5.224609	-9.570313	-0.8928	0	0
2	-7.348632	-4.858398	-9.204102	-0.9108	0	0
2	-6.884765	-4.443359	-8.789063	-0.8928	0	0
2	-6.567382	-4.052734	-8.398438	-0.8172	0	0
2	-6.176757	-3.735351	-8.081055	-0.8532	0	0
2	-5.737304	-3.393554	-7.739258	-0.8172	0	0
2	-5.395507	-2.954101	-7.299805	-0.8244	0	0
2	-5.126953	-2.709961	-7.055664	-0.7884	0	0
2	-4.614257	-2.172851	-6.518555	-0.6912	0	0
2	-4.174804	-2.001953	-6.347656	-0.72	0	0
2	-3.833008	-1.635742	-5.981445	-0.6984	0	0
2	-3.540039	-1.196289	-5.541992	-0.6552	0	0
2	-3.051758	-0.805664	-5.151367	-0.6552	0	0
2	-2.58789	-0.4394531	-4.785156	-0.6624	0	0
2	-2.368164	-0.1953125	-4.541016	-0.5868	0	0
2	-1.904297	0.1953125	-4.150391	-0.5976	0	0
2	-1.5625	0.5859374	-3.759766	-0.5364	0	0
2	-1.245117	1.000976	-3.344727	-0.558	0	0
2	-0.7080078	1.416016	-2.929688	-0.4536	0	0
2	-0.5126953	1.660156	-2.685547	-0.4176	0	0
2	4.882812E-02	2.075195	-2.270508	-0.4284	0	0
2	0.3662109	2.539062	-1.806641	-0.3996	0	0
2	0.7812499	2.783203	-1.5625	-0.306	0	0
2	1.196289	3.149414	-1.196289	-0.2844	0	0
2	1.489258	3.491211	-0.8544924	-0.2628	0	0
2	1.928711	3.784179	-0.5615237	-0.2016	0	0
2	2.270508	4.199218	-0.1464849	-0.1368	0	0
2	2.734375	4.638671	0.2929683	-0.0432	0	0
2	3.100586	4.882812	0.5371089	-0.0216	0	0
2	3.491211	5.224609	0.8789058	0.0324	0	0
2	3.881836	5.493164	1.14746	0.1188	0	0
2	4.248046	5.83496	1.489257	0.1692	0	0
2	4.589843	6.25	1.904296	0.216	0	0
2	4.980468	6.61621	2.270507	0.324	0	0
2	5.297851	6.860351	2.514648	0.4032	0	0
2	5.810546	7.177734	2.832031	0.4716	0	0
2	6.103515	7.543945	3.198242	0.5256	0	0
2	6.61621	7.983398	3.637695	0.6048	0	0
2	6.835937	8.154296	3.808593	0.7056	0	0
2	7.250976	8.471679	4.125976	0.8028	0	0
2	7.543945	8.862304	4.516601	0.9036	0	0
2	8.129882	9.179687	4.833983	0.9648	0	0
2	8.398437	9.448241	5.102538	1.116	0	0
2	8.813476	9.692382	5.346679	1.1592	0	0
2	9.179687	10.03418	5.688476	1.278	0	0
2	9.472655	10.35156	6.005858	1.3428	0	0
2	9.936522	10.5957	6.249999	1.4436	0	0
2	10.27832	10.83984	6.49414	1.566	0	0
2	10.81543	11.15723	6.811522	1.674	0	0
2	11.1084	11.42578	7.080077	1.7496	0	0
2	11.49902	11.76758	7.421874	1.8	0	0
2	11.93848	11.93848	7.592772	1.908	0	0
2	12.23144	12.28027	7.934569	1.9872	0	0
2	12.54883	12.47558	8.129882	2.106	0	0
2	12.91504	12.71973	8.374022	2.1708	0	0
2	13.35449	12.81738	8.471679	2.2212	0	0
2	13.64746	13.18359	8.83789	2.3004	0	0
2	14.0625	13.42773	9.08203	2.3256	0	0
2	14.55078	13.5498	9.204101	2.4732	0	0
2	14.86816	13.86719	9.521483	2.448	0	0
2	15.23437	14.18457	9.838866	2.5416	0	0
2	15.69824	14.2334	9.887694	2.5056	0	0
2	16.06445	14.42871	10.08301	2.5704	0	0
2	16.40625	14.62402	10.27832	2.6604	0	0
2	16.91894	14.89258	10.54687	2.6532	0	0
2	17.26074	15.08789	10.74219	2.6856	0	0
2	17.60254	15.23437	10.88867	2.7432	0	0
2	17.87109	15.42969	11.08398	2.7612	0	0
2	18.35937	15.64941	11.30371	2.7684	0	0
2	18.70117	15.86914	11.52344	2.8548	0	0
2	19.11621	16.08887	11.74316	2.8116	0	0
2	19.48242	16.25976	11.91406	2.8728	0	0
2	19.89746	16.40625	12.06054	2.88	0	0
2	20.28808	16.52832	12.18262	2.9196	0	0
2	20.55664	16.62597	12.28027	2.9376	0	0
2	20.97168	16.96777	12.62207	2.952	0	0
2	21.43554	17.11426	12.76855	2.9952	0	0
2	21.75293	17.28515	12.93945	2.97	0	0
2	22.19238	17.40722	13.06152	2.988	0	0
2	22.43652	17.57812	13.23242	3.0816	0	0
2	22.90039	17.74902	13.40332	3.0564	0	0
2	23.29101	17.94433	13.59863	3.1212	0	0
2	23.80371	18.04199	13.69629	3.1212	0	0
2	23.97461	18.33496	13.98926	3.132	0	0
2	24.46289	18.50586	14.16015	3.1896	0	0
2	24.87793	18.55469	14.20898	3.204	0	0
2	25.21972	18.77441	14.42871	3.132	0	0
2	25.63476	18.94531	14.59961	3.2544	0	0
2	25.95215	19.01855	14.67285	3.222	0	0
2	26.36719	19.04297	14.69726	3.2544	0	0
2	26.80664	19.36035	15.01465	3.2868	0	0
2	27.07519	19.45801	15.1123	3.3012	0	0
2	27.39258	19.55566	15.20996	3.3516	0	0
2	27.90527	19.72656	15.38086	3.3732	0	0
2	28.24707	19.82422	15.47851	3.3768	0	0
2	28.73535	20.04394	15.69824	3.3552	0	0
2	29.0039	20.01953	15.67383	3.4524	0	0
2	29.29687	20.21484	15.86914	3.4092	0	0
2	29.88281	20.41015	16.06445	3.4236	0	0
2	30.22461	20.4834	16.13769	3.4776	0	0
2	30.51758	20.65429	16.30859	3.492	0	0
2	31.00586	20.72754	16.38183	3.5172	0	0
2	31.25	20.84961	16.5039	3.5064	0	0
2	31.66504	21.04492	16.69922	3.564	0	0
2	32.10449	21.09375	16.74804	3.546	0	0
2	32.4707	21.1914	16.8457	3.5568	0	0
2	32.83691	21.31347	16.96777	3.618	0	0
2	33.32519	21.38672	17.04101	3.6	0	0
2	33.66699	21.55762	17.21191	3.6396	0	0
2	34.0332	21.65527	17.30957	3.6684	0	0
2	34.35058	21.67969	17.33398	3.6	0	0
2	34.79004	21.875	17.52929	3.6936	0	0
2	35.30273	21.99707	17.65137	3.726	0	0
2	35.5957	22.0459	17.70019	3.6828	0	0
2	35.98632	22.16797	17.82226	3.78	0	0
2	36.32812	22.16797	17.82226	3.7224	0	0
2	36.66992	22.31445	17.96875	3.7944	0	0
2	37.10937	22.43652	18.09082	3.8124	0	0
2	37.45117	22.41211	18.0664	3.7836	0	0
2	37.84179	22.63183	18.28613	3.8232	0	0
